+917508438518
+919560016810
+918900500157
+917981081381
+918019316491
+916393160573
+919317749539
+919502730561
+917842888161
+919893700466
+919166359997
+917388291935
+919642897258
+917009459804
+919869797409
+919311992202
+918978297327
+918209404864
+919502437052
+919168336928
+919123175246
+918956765989
+916301174176
+919309252446
+94715650076
+919561301984
+918766012146
+918770214270
+919999999999
+918448577521
+919399148918
+919391303929
+919946895520
+916280068650
+919646149733
+918005669070
+918287149271
+919729099661
+918920999349
+918310577579
+917986066725
+919877973426
+919417742269
+919056017295
+919588903152
+919816147193
+918076737021
+917501159922
+916283229538
+917049803733
+918708207233
+919860719195
+919912939976
+919732945407
+919814644249
+919801800390
+918302394236
+919667781481
+919003833565
+918793224014
+917820999233
+916200181638
+918146209094
+919603180367
+918329451390
+919136600486
+919834819622
+918125302269
+918426888666
+919915031098
+919345421655
+917992323823
+916283441364
+917818958927
+918726421717
+918005385150
+919219467783
+918409083435
+916304884992
+916392229592
+917759807749
+917683022240
+923265919845
+919006757752
+918306519911
+918839824595
+917889393321
+919168443876
+919363184278
+917210994885
+919801998997
+919279849283
+919199058598
+918102485351
+918000905747
+919034816104
+917009505414
+917004307625
+919087147931
+918423312229
+919677929551
+916261488993
+919891078441
+918953784219
+918423929101
+919580872754
+917463922723
+916299717623
+919474727956
+916309344948
+918368494237
+918778015116
+918320544083
+916202733379
+918319708738
+919034464641
+917975361424
+917056318319
+919325287847
+917046464246
+919082284153
+918302441880
+916391550205
+918178491353
+919351255138
+919405674605
+916264553791
+919610689165
+919867336141
+919624128937
+916388137202
+919137046080
+919412881534
+916380685934
+917092381211
+918867284233
+918105074003
+919769795975
+917505888284
+919969523689
+917428469147
+918266879581
+919655614224
+918130919769
+919106228373
+916263675550
+918008789396
+917087249205
+917418163402
+919148452328
+918777644599
+917275225846
+917875121215
+919310065915
+917439326763
+919973042910
+919243592727
+918987864110
+918272822418
+919389829607
+917058375424
+919307455834
+919751860767
+919392411284
+919307949255
+918956968447
+918918934547
+919356605076
+919064926897
+918770070045
+918869947796
+918194958674
+919412066354
+918865898888
+917715941535
+918929114033
+918891476225
+919961706753
+917860271006
+917568382235
+917087042424
+917827176164
+919238353145
+918447151650
+918826629164
+918007153505
+919315730076
+919350123540
+918718972316
+919801948775
+918579955818
+916201140848
+918789338021
+918603309701
+917771824639
+916377345977
+919341599412
+917667785849
+916394255602
+919766301709
+916303137898
+919182412215
+919805268544
+917982659322
+918328480893
+919840261279
+919835759611
+916301428352
+918928268242
+918074263687
+917780660330
+917036398464
